9	// row dimension of input pattern
7	// column dimension of input pattern
7	// dimension of output pattern
21	// number of testing pairs

-1 -1  1  1 -1 -1 -1
-1 -1  1  1 -1 -1 -1
-1 -1 -1  1 -1 -1 -1
-1 -1  1 -1  1  1 -1
-1 -1  1 -1  1 -1 -1
-1  1  1  1  1  1 -1
-1  1 -1  1 -1  1 -1
-1  1 -1 -1 -1  1 -1
 1  1  1 -1  1  1  1

 1 -1 -1 -1 -1 -1 -1
A1

 1  1  1  1  1  1 -1
-1  1 -1 -1 -1 -1  1
-1  1 -1 -1 -1 -1  1
-1  1  1 -1 -1 -1  1
-1  1  1  1  1  1 -1
-1  1 -1  1 -1 -1  1
-1  1  1 -1 -1 -1  1
-1  1 -1 -1 -1 -1  1
 1  1  1  1  1  1 -1

-1  1 -1 -1 -1 -1 -1
B1

-1 -1  1  1  1  1  1
 1  1 -1 -1  1 -1  1
 1 -1 -1 -1 -1 -1 -1
 1  1 -1 -1 -1 -1 -1
 1 -1 -1 -1 -1 -1 -1
 1 -1 -1 -1 -1 -1 -1
 1 -1 -1 -1 -1 -1 -1
-1  1 -1 -1  1 -1  1
-1 -1  1  1  1  1 -1

-1 -1  1 -1 -1 -1 -1
C1

 1  1  1  1  1 -1 -1
-1  1 -1  1 -1  1 -1
-1  1 -1 -1 -1 -1  1
-1  1  1 -1 -1 -1  1
-1  1 -1 -1 -1 -1  1
-1  1 -1 -1 -1 -1  1
-1  1 -1 -1 -1 -1  1
-1  1  1 -1 -1  1 -1
 1  1  1  1  1 -1 -1

-1 -1 -1  1 -1 -1 -1
D1

 1  1  1  1  1  1  1
-1  1 -1 -1 -1 -1  1
-1  1 -1 -1 -1 -1 -1
-1  1 -1  1 -1 -1 -1
-1  1  1  1  1 -1 -1
-1  1 -1  1 -1 -1 -1
-1  1 -1 -1 -1 -1 -1
 1  1 -1 -1 -1 -1  1
 1  1  1  1  1  1  1

-1 -1 -1 -1  1 -1 -1
E1

-1 -1 -1  1  1  1  1
-1 -1 -1 -1 -1  1 -1
-1 -1 -1 -1 -1  1 -1
-1 -1 -1 -1 -1  1 -1
-1 -1 -1 -1 -1  1 -1
-1 -1 -1 -1 -1  1 -1
-1  1 -1 -1 -1  1 -1
-1  1 -1 -1  1  1 -1
-1 -1  1  1  1 -1 -1

-1 -1 -1 -1 -1  1 -1
J1

 1  1  1 -1 -1  1  1
-1  1 -1 -1  1 -1 -1
-1  1 -1  1 -1 -1 -1
-1  1  1 -1 -1 -1 -1
-1  1  1 -1 -1 -1 -1
-1  1 -1  1 -1 -1 -1
-1  1 -1 -1  1  1 -1
-1  1  1 -1 -1  1 -1
 1  1  1 -1 -1  1  1

-1 -1 -1 -1 -1 -1  1
K1


